1389545543 1198
1389548231 1202
1389561382 1421
1389563739 1476
1389565122 1473
1389620042 1538
1389651759 1634
1389706029 1690
1389732079 1981
1389739949 1992
1389776731 2099
1389794362 2709
1389908243 2768
1389945396 2791
1389948366 2825
1389965388 2842
1390054239 2873
1390057955 2923
1390070364 2952
1390071959 2409
1390079616 2409
1390087566 2547
1390088566 2544
1390088943 2516
1390092792 2552
1390130434 2585
1390146980 2745
1390151550 2729
1390152486 2738
1390162267 2767
1390163341 2770
1390164006 2773
1390165441 2778
1390220550 2787
1390236270 2901
1390250099 2912
1390250964 2773
1390252066 2811
1390252365 2804
1390255034 2805
1390301206 3014
1390304082 3090
1390319055 3211
1390337415 3278
1390371357 3278
1390378505 3268
1390483986 3321
1390508308 3340
1390511106 3357
1390646684 3679
1390679598 3681
1390739954 3703
1390751936 3812
1390752679 3815
1390758942 3911
1390765684 3989
1390766097 3989
1390767196 3993
1390828235 4225
1390829274 4258
1390852929 4295
1390859652 4295
1390863564 4341
1390902700 4360
1390943836 4372
1390947375 4458
1390984646 4340
1391031999 4346
1391120250 4394
1391155635 4385
1391344192 4445
1391347152 4457
1391420562 4464
1391520507 4523
1391551829 4550
1391589292 4550
1391606289 4588
1391635968 4607
1391636685 4610
1391638473 4611
1391676356 4634
1391679315 4638
1391722483 4640
1391723403 4640
1392310198 9531
1392674522 9768
1392718368 9911
1392762134 9998
1392762442 10005
1392805094 10036
1392822101 10223
1392845926 10242
1392846651 10239
1392847431 10259
1392848173 10259
1392848447 10271
1392887590 10425
1392901154 10481
1392902692 10498
1392923837 10499
1393165613 10523
1393175471 10583
1393185545 10881
1393192660 10887
1393193189 10889
1393194305 10907
1393233762 10934
1393272833 10946
1393277978 10983
1393278756 10984
1393317225 11120
1393318530 11136
1393358619 11140
1393362260 11243
1393406684 11497
1393519488 11589
1393522772 11615
1393535206 11691
1393580612 11675
1393592243 11685
1393666331 11706
1393757729 11783
1393759345 11787
1393766405 11799
1393770737 11864
1393775269 11892
1393781479 11913
1393782038 11915
1393783638 11931
1393796940 11922
1393835647 11934
1393838229 11870
1393853852 11893
1393881064 11897
1393923601 11897
1393923754 11874
1394008559 11827
1394011701 11886
1394012845 11922
1394025842 11925
1394051573 11944
1394091954 11946
1394104180 12027
1394303668 12027
1394305719 12048
1394391167 12118
1394393723 12118
1394440265 12112
1394487987 12226
1394571013 12266
1394645770 12428
1395143988 12456
1395153116 12474
1395158015 12481
1395165107 12485
1395165553 12484
1395512090 12389
1395700520 12409
1395702292 12424
1395702789 12433
1395786282 12474
1395825530 12483
1395956437 12618
1396108966 12636
1396121171 12636
1396339960 12668
1396636978 12746
1396648100 12762
1396868392 12762
1397158388 12514
1397163523 12513
1397416661 12540
1400056523 12790
1400144727 12837
1401033855 12867
1401035962 12870
1401038728 12894
1401180732 12906
1401365996 12968
1401366131 12946
1401366967 12946
1401432063 12962
1401432788 12963
1401434280 12972
1401602608 12976
1401696908 13166
1401726468 13206
1401727666 13206
1401783240 13214
1401818572 13246
1401883343 13281
1401902230 13278
1401902621 13279
1401903294 13280
1401904870 13373
1401908567 13374
1401909479 13379
1401955957 13379
1401958340 13379
1401958698 13378
1401970990 13435
1401996936 13459
1401999522 13449
1402007709 13449
1402061462 13455
1403725870 13477
1403732035 13473
1403813530 13516
1403960590 13558
1403963196 13640
1403963767 13644
1403964296 13690
1403976143 13701
1403976542 13705
1403979998 19299
1403986462 19344
1404036370 19385
1404059511 19436
1404060092 19439
1404071219 19477
1404155044 19497
1404202149 19536
1404214774 19539
1404249198 19582
1406973205 19605
1406985040 19612
1406986708 19626
1406987514 19639
1406987715 19639
1406996087 19644
1407009081 19645
1407022006 19649
1407065605 19676
1407181177 19711
1407222576 19711
1407224378 19716
1407276541 19723
1407353377 19784
1407396566 19859
1407439271 19880
1407440619 19880
1407441231 19903
1407441443 19906
1407444269 19934
1407445137 19934
1407445530 19945
1407445728 19946
1407482824 19946
1407483272 20218
1407500919 20259
1407617844 20256
1407619352 20220
1407695984 20220
1407697297 20222
1407785139 20222
1407785614 20224
1407786272 20225
1407834009 20205
1407867621 20214
1407873935 20249
1407877570 20257
1407879844 20280
1407910546 20281
